{blues: 0.09078014184397164, country: 0.1347517730496454, disco: 0.12198581560283688,
  hiphop: 0.13617021276595745, metal: 0.12056737588652482, pop: 0.14042553191489363,
  reggae: 0.11347517730496454, rock: 0.14184397163120568}
